-29.891 73.934 -1.372 79.760 41 104 177 
-29.891 73.934 1.444 79.761 42 104 178 
-22.407 74.134 0.035 77.458 42 156 181 
-19.877 74.285 1.378 76.911 38 175 178 
-19.877 74.285 1.378 76.911 49 177 179 
-17.430 74.367 1.380 76.395 45 193 181 
-14.823 74.404 0.036 75.878 43 211 177 
-5.548 74.746 -1.241 74.962 39 279 179 
-2.558 74.853 1.316 74.908 45 302 180 
2.491 75.024 1.319 75.077 45 337 179 
5.057 75.051 1.319 75.233 43 353 181 
9.325 98.444 5.192 99.021 42 388 178 
17.922 75.524 1.401 77.634 46 445 176 
29.810 75.934 1.483 81.590 42 530 177 
-28.139 95.779 7.829 100.220 41 171 175 
-28.478 95.623 3.752 99.937 41 171 175 
-7.401 72.176 1.269 72.566 46 265 177 
0.000 72.403 0.035 72.414 51 319 180 
2.619 72.486 -1.203 72.543 46 337 177 
2.619 72.486 -1.203 72.543 47 339 179 
2.619 72.486 1.274 72.544 46 337 177 
2.619 72.486 1.274 72.544 47 339 179 
8.066 98.313 3.238 98.767 38 374 178 
7.691 98.286 2.525 98.703 39 374 177 
12.582 72.793 1.351 73.884 46 411 181 
12.582 72.793 1.351 73.884 41 410 176 
14.954 72.919 1.353 74.449 39 428 175 
14.954 72.919 -1.282 74.448 39 428 174 
22.436 73.166 1.358 76.540 48 484 177 
32.382 73.443 -1.363 80.276 40 553 176 
32.382 73.443 -1.363 80.276 40 553 176 
-29.775 68.825 -1.277 75.000 46 89 177 
-29.775 68.825 1.344 75.001 46 89 177 
-22.148 69.144 1.283 72.616 51 148 179 
-19.845 69.119 0.034 71.923 46 167 177 
-17.194 69.316 -1.219 71.427 51 187 182 
-14.706 69.396 -1.220 70.948 53 205 180 
-14.706 69.396 -1.220 70.948 54 205 181 
-12.283 69.488 -1.222 70.576 46 224 177 
-12.283 69.488 -1.222 70.576 52 224 180 
-9.712 69.548 -1.223 70.234 45 244 176 
-7.345 69.643 -1.156 70.039 47 264 177 
-7.345 69.643 1.224 70.040 46 264 177 
0.205 69.886 1.229 69.898 49 319 178 
0.205 69.886 1.229 69.898 50 319 178 
2.732 69.940 -1.161 70.003 46 339 180 
5.132 70.064 1.232 70.262 52 357 177 
7.910 95.510 1.812 95.922 39 376 177 
8.466 95.798 1.797 96.223 39 376 177 
10.148 70.214 -1.234 70.954 49 394 177 
10.148 70.214 -1.234 70.954 51 396 179 
12.631 70.296 1.304 71.434 49 414 177 
17.613 70.452 -1.239 72.631 47 451 177 
30.079 70.807 0.035 76.943 51 545 179 
-29.670 66.336 1.296 72.681 49 81 180 
-22.231 66.564 1.235 70.189 51 142 180 
-22.142 66.590 -1.171 70.185 51 142 180 
-17.217 66.780 1.239 68.975 51 182 181 
-14.629 66.876 -1.176 68.467 52 202 180 
-12.187 66.916 0.033 68.028 47 221 177 
-12.187 66.916 1.242 68.028 47 221 177 
-7.275 67.113 1.180 67.517 49 262 177 
-2.300 67.279 1.183 67.329 47 301 177 
-2.300 67.279 -1.117 67.328 48 302 180 
-2.300 67.279 -1.117 67.328 48 301 178 
0.197 67.370 1.184 67.380 51 321 178 
2.634 67.424 -1.119 67.485 46 341 180 
2.634 67.424 -1.119 67.485 47 339 177 
5.144 67.526 -1.121 67.731 55 359 179 
5.144 67.526 -1.121 67.731 55 359 179 
8.103 98.299 5.205 98.844 39 380 177 
8.913 98.314 2.916 98.835 39 380 177 
10.245 67.685 1.256 68.468 47 401 177 
15.177 67.865 -1.193 69.551 43 437 177 
22.011 68.094 1.264 71.574 44 497 178 
22.674 68.089 1.263 71.777 50 497 180 
25.108 68.198 0.033 72.685 47 516 177 
30.043 68.365 -1.269 74.685 44 554 176 
30.043 68.365 1.335 74.687 43 554 175 
-26.977 63.945 1.249 69.414 47 93 177 
-14.692 64.292 -1.130 65.959 55 197 176 
-7.191 64.591 1.135 65.000 49 259 177 
-7.191 64.591 0.032 65.000 49 259 177 
-3.413 64.729 -1.075 64.828 50 290 177 
-2.214 64.761 -1.075 64.808 50 301 180 
0.380 64.839 -1.077 64.849 50 321 178 
0.380 64.839 -1.077 64.849 51 322 179 
2.790 64.935 1.142 65.005 49 342 178 
2.790 64.935 -1.078 65.004 49 342 178 
5.392 64.964 -1.079 65.196 56 363 181 
10.249 65.184 0.032 65.995 53 402 180 
15.252 65.346 -1.149 67.112 52 444 176 
17.813 65.379 1.213 67.773 58 465 169 
22.736 65.581 -1.153 69.420 47 505 177 
25.053 65.612 1.282 70.244 49 524 178 
25.053 65.612 0.032 70.243 49 524 178 
26.491 65.682 1.283 70.834 53 534 180 
27.676 65.754 -1.220 71.351 48 544 178 
-24.381 61.493 1.201 66.161 49 107 177 
-14.493 61.836 1.147 63.522 58 193 181 
-12.135 61.821 1.147 63.011 57 216 180 
-7.092 62.073 1.091 62.487 51 259 176 
-4.613 62.153 0.030 62.333 57 279 180 
0.365 62.321 -1.035 62.330 55 322 177 
2.864 62.408 -1.036 62.482 53 345 177 
5.371 62.495 1.099 62.735 57 364 180 
8.497 62.596 0.031 63.180 51 390 177 
8.497 62.596 0.031 63.180 55 391 180 
10.453 62.596 1.162 63.473 54 407 177 
12.866 62.736 1.164 64.053 47 428 177 
17.815 62.906 -1.106 65.389 57 471 175 
22.726 63.067 1.232 67.048 50 511 178 
25.223 63.150 -1.172 68.011 56 533 181 
27.784 63.224 1.235 69.071 47 554 177 
30.864 63.337 1.237 70.468 47 579 177 
32.823 63.297 -1.236 71.312 50 594 180 
32.823 63.297 0.031 71.312 50 594 180 
-26.801 58.894 -1.093 64.715 57 75 177 
-24.455 58.922 -1.093 63.805 67 100 177 
-12.581 59.369 1.102 60.697 66 206 188 
-12.001 59.369 -1.044 60.579 52 211 177 
-11.911 59.351 0.029 60.544 53 211 176 
-9.408 59.470 1.104 60.220 57 234 175 
-4.426 59.631 1.048 59.804 51 279 178 
-2.041 59.714 -0.991 59.757 58 302 181 
0.526 59.801 1.051 59.812 56 324 180 
1.635 59.799 1.051 59.831 53 334 180 
5.504 59.963 -0.996 60.224 52 367 177 
7.917 60.051 1.114 60.581 52 388 177 
7.917 60.051 1.114 60.581 56 390 181 
8.674 60.011 1.114 60.645 54 394 177 
15.479 60.268 -1.059 62.233 57 456 175 
15.479 60.268 1.118 62.234 56 456 176 
17.867 60.383 -1.062 62.980 51 478 177 
20.372 60.466 0.030 63.815 51 499 177 
27.873 60.662 1.185 66.770 53 565 176 
30.336 60.791 1.187 67.950 51 585 177 
-26.869 56.266 1.099 62.362 64 65 180 
-25.537 56.358 1.101 61.884 61 77 180 
-19.298 56.623 -0.995 59.830 60 137 181 
-9.890 56.895 -1.000 57.757 60 225 177 
-9.344 56.954 -1.001 57.724 56 232 177 
-6.906 57.031 1.058 57.458 55 254 177 
-6.906 57.031 1.058 57.458 55 254 177 
-4.407 57.118 1.004 57.297 52 277 178 
-1.870 57.146 -1.953 57.219 60 302 180 
-1.784 57.103 -2.956 57.207 60 302 180 
2.967 57.321 1.008 57.407 63 347 180 
2.967 57.321 -0.980 57.441 63 347 180 
5.522 57.406 1.009 57.680 63 371 180 
5.522 57.406 -0.980 57.714 62 371 180 
8.137 57.467 0.028 58.050 52 394 180 
7.976 57.518 -1.011 58.077 53 394 180 
12.888 57.631 1.069 59.065 58 440 180 
15.564 57.746 -1.015 59.815 62 462 176 
15.564 57.746 1.072 59.816 63 462 177 
20.482 57.937 -1.019 61.459 61 507 177 
20.482 57.937 -1.019 61.459 58 509 176 
30.439 58.261 0.028 65.743 57 597 177 
32.993 58.249 -1.138 66.954 60 619 179 
-29.190 53.761 1.103 61.184 70 29 181 
-26.711 53.842 1.052 60.113 64 55 180 
-24.295 53.849 -0.999 59.084 65 80 179 
-24.205 53.884 1.053 59.080 65 80 179 
-21.713 53.965 0.027 58.179 61 106 180 
-16.662 54.165 -2.962 56.747 62 154 181 
-16.713 54.158 -0.318 56.710 62 154 181 
-14.217 54.222 -1.933 56.096 59 180 180 
-9.301 54.425 -2.870 55.288 60 229 177 
-9.301 54.425 -2.870 55.288 60 229 177 
-4.208 54.547 0.959 54.717 63 277 181 
-1.787 54.635 -1.868 54.704 62 302 180 
-1.869 54.667 -1.869 54.740 61 302 180 
3.160 54.842 -2.839 55.006 59 351 181 
5.577 54.911 0.965 55.202 61 374 180 
8.111 55.006 -2.901 55.676 60 398 180 
8.111 55.006 -0.967 55.609 60 398 180 
10.598 55.088 1.022 56.108 64 423 181 
15.641 55.229 -2.967 57.478 64 471 177 
20.564 55.414 1.082 59.117 67 518 180 
22.978 55.495 1.084 60.074 55 543 181 
25.452 55.571 1.085 61.132 58 565 180 
30.593 55.644 1.141 63.509 57 612 180 
32.985 55.829 -1.090 64.854 67 636 180 
-24.789 51.333 -2.958 57.082 71 63 181 
-24.144 51.401 -1.958 56.832 69 68 181 
-24.144 51.401 -1.958 56.832 68 68 181 
-21.704 51.447 -1.934 55.880 67 95 177 
-17.246 51.636 -2.824 54.513 66 141 180 
-14.148 51.741 0.337 53.692 68 174 181 
-14.148 51.741 2.830 53.715 67 174 180 
-11.639 51.819 -2.733 53.180 70 198 177 
-9.175 51.905 2.788 52.783 70 223 178 
-9.175 51.905 -1.825 52.749 70 223 178 
-8.517 51.916 -1.825 52.650 51 231 176 
-6.671 51.947 1.878 52.415 64 251 180 
-6.671 51.947 -0.913 52.382 62 251 180 
-4.169 52.059 -2.695 52.295 62 277 180 
-1.731 52.125 1.527 52.183 64 302 180 
-0.510 52.194 0.918 52.204 63 314 180 
0.765 52.234 -0.867 52.247 60 328 180 
0.765 52.234 2.755 52.312 60 328 180 
3.167 52.299 0.026 52.403 58 352 180 
5.703 52.371 -0.895 52.720 60 378 180 
8.087 52.410 0.973 53.040 55 402 181 
8.250 52.471 2.818 53.190 55 402 181 
8.840 52.476 1.896 53.257 70 409 182 
10.772 52.529 -0.923 53.630 51 429 176 
10.772 52.529 2.822 53.696 53 429 175 
13.205 52.613 -0.292 54.276 57 454 178 
13.162 52.649 -0.926 54.277 60 454 180 
15.687 52.669 -0.928 54.997 57 478 177 
15.600 52.720 0.978 54.988 56 478 178 
20.551 52.876 -0.981 56.738 57 527 178 
-26.577 48.714 -0.950 55.523 70 27 178 
-26.577 48.714 -0.302 55.500 70 27 179 
-24.624 48.866 1.002 54.729 74 51 180 
-21.646 48.823 1.883 53.448 55 85 177 
-21.619 48.870 -1.528 53.489 55 85 177 
-19.032 49.029 0.024 52.665 78 112 181 
-19.017 49.028 0.575 52.608 77 112 181 
-16.600 49.127 -2.687 51.926 72 140 180 
-16.600 49.127 -2.687 51.926 70 140 180 
-13.973 49.169 1.801 51.155 66 166 180 
-14.127 49.206 -0.865 51.201 65 166 179 
-11.553 49.295 0.915 50.639 70 194 180 
-9.134 49.356 0.024 50.202 62 220 181 
-9.065 49.376 1.784 50.241 61 220 180 
-9.134 49.356 -0.844 50.232 61 220 180 
-4.161 49.544 -2.565 49.785 66 275 180 
-4.161 49.544 2.613 49.787 65 275 179 
-1.647 49.607 0.888 49.662 65 302 178 
0.874 49.705 -0.259 49.760 60 329 178 
0.874 49.705 0.024 49.780 65 329 179 
3.205 49.727 2.623 49.900 53 355 180 
5.796 49.876 2.679 50.283 65 383 177 
6.432 49.899 2.680 50.383 63 388 178 
8.341 49.946 2.683 50.709 69 408 177 
8.341 49.946 -0.854 50.677 70 408 178 
10.882 49.968 -2.635 51.207 69 435 180 
10.795 50.016 1.515 51.197 70 435 180 
13.350 50.076 0.929 51.834 67 462 176 
14.501 50.165 0.931 52.227 64 473 179 
15.857 50.115 2.790 52.637 59 488 177 
20.822 50.287 -2.848 54.501 64 540 180 
22.587 50.391 0.984 55.231 68 559 178 
23.249 50.439 0.985 55.548 62 565 181 
23.078 50.387 0.984 55.429 62 565 181 
25.779 50.474 -0.961 56.720 71 592 180 
25.603 50.516 1.036 56.643 72 592 180 
-26.438 46.278 -2.757 53.369 72 13 177 
-26.523 46.112 0.946 53.204 72 13 177 
-25.854 46.284 -2.757 53.087 98 19 168 
-23.906 46.363 0.023 52.172 66 45 178 
-21.454 46.445 2.722 51.233 63 72 178 
-19.079 46.405 2.674 50.245 75 101 180 
-18.948 46.529 0.909 50.247 76 101 180 
-19.079 46.405 -0.861 50.182 70 109 181 
-16.469 46.586 1.441 49.440 68 131 179 
-11.410 46.735 1.712 48.146 71 187 180 
-10.895 46.776 0.022 48.095 72 195 181 
-9.059 46.852 -2.471 47.784 70 215 178 
-9.059 46.852 0.869 47.728 70 215 178 
-6.555 46.940 -0.825 47.403 75 246 181 
-6.555 46.940 -1.650 47.432 74 246 181 
-4.015 46.991 0.022 47.169 69 274 180 
-2.825 47.042 2.481 47.193 70 288 179 
-1.610 47.098 0.828 47.133 69 302 180 
-1.471 47.060 0.850 47.119 70 302 181 
0.968 47.179 0.829 47.196 57 331 178 
0.829 47.151 -2.441 47.222 57 331 178 
3.322 47.243 -0.807 47.395 65 357 179 
3.322 47.243 2.492 47.425 65 357 179 
5.962 47.328 2.542 47.770 69 386 179 
5.928 47.331 0.439 47.723 69 386 179 
6.427 47.346 -2.497 47.846 65 392 179 
10.943 47.480 -2.550 48.792 70 443 181 
13.456 47.512 -2.552 49.447 69 471 178 
13.374 47.552 0.884 49.435 68 469 179 
13.415 47.532 0.024 49.427 59 477 177 
15.875 47.672 -2.607 50.314 70 496 181 
15.800 47.654 0.024 50.213 70 496 181 
18.406 47.716 -0.862 51.181 70 524 181 
18.406 47.716 2.703 51.214 70 524 181 
20.836 47.840 -1.799 52.219 60 550 178 
23.346 47.908 -2.761 53.364 71 580 177 
23.346 47.908 0.936 53.301 71 580 177 
25.825 47.994 0.984 54.510 65 607 179 
25.825 47.994 -2.812 54.574 66 607 180 
28.228 48.095 -2.912 55.843 75 635 182 
28.294 48.049 0.023 55.769 75 635 182 
-23.873 43.809 -1.733 49.929 76 27 178 
-23.944 43.783 -0.855 49.910 76 27 178 
-21.433 43.896 -2.529 48.914 70 59 178 
-21.433 43.896 2.572 48.916 69 60 178 
-18.916 43.963 -0.815 47.902 79 89 177 
-18.992 43.901 -2.487 47.898 79 89 177 
-13.896 44.144 -0.244 46.286 78 150 181 
-13.939 44.134 -0.465 46.324 78 150 181 
-12.753 44.118 -0.777 45.949 77 166 180 
-11.523 44.194 1.619 45.708 69 183 180 
-11.466 44.223 -1.577 45.720 69 183 180 
-8.889 44.291 0.022 45.181 74 212 180 
-8.962 44.332 0.022 45.290 74 212 180 
-6.518 44.352 0.023 44.836 67 242 178 
-3.953 44.480 -0.233 44.698 71 272 180 
-3.998 44.496 2.347 44.737 71 272 180 
-1.392 44.544 2.349 44.628 72 301 180 
-1.436 44.555 0.290 44.603 73 301 180 
1.002 44.629 -2.310 44.700 73 332 178 
2.269 44.687 -0.233 44.751 71 346 180 
3.539 44.735 -0.743 44.881 70 360 178 
3.472 44.727 -0.743 44.868 70 360 178 
5.908 44.812 -0.788 45.207 68 390 179 
5.964 44.798 1.881 45.238 68 390 179 
8.465 44.913 0.833 45.711 75 420 177 
11.674 44.941 -2.414 46.495 73 457 177 
13.325 45.031 -0.792 46.968 67 478 177 
13.325 45.031 -0.792 46.968 67 478 177 
15.820 45.125 -1.631 47.853 72 507 177 
15.820 45.125 0.837 47.825 71 507 177 
18.469 45.173 0.882 48.831 68 537 179 
18.514 45.138 2.601 48.856 68 537 179 
20.364 45.234 -0.839 49.614 75 558 178 
20.916 45.282 0.023 49.918 75 566 181 
20.892 45.324 -2.612 49.976 76 566 181 
23.368 45.407 -0.887 51.075 77 595 180 
23.483 45.286 -1.769 51.051 77 595 180 
25.925 45.458 -2.708 52.401 69 623 181 
-23.766 41.317 2.502 47.730 82 10 182 
-21.336 41.379 -2.425 46.619 85 44 181 
-20.704 41.407 2.426 46.358 83 52 181 
-18.810 41.452 0.283 45.564 84 77 180 
-18.783 41.452 1.599 45.544 84 77 180 
-16.425 41.426 -0.769 44.570 79 109 180 
-16.401 41.468 0.286 44.637 80 109 181 
-13.843 41.630 0.021 43.878 82 141 181 
-13.871 41.624 0.020 43.908 82 141 182 
-13.900 41.618 0.020 43.937 83 141 181 
-11.404 41.706 0.272 43.279 83 173 177 
-11.404 41.706 0.774 43.244 82 173 178 
-8.860 41.812 -1.470 42.772 79 206 180 
-8.860 41.812 0.776 42.747 79 206 180 
-6.382 41.893 0.020 42.435 81 238 180 
-6.382 41.893 -0.736 42.383 80 238 180 
-6.488 41.782 -0.231 42.324 80 238 180 
-3.894 41.977 0.020 42.163 78 271 181 
-1.437 42.052 0.739 42.083 77 301 179 
-1.437 42.052 2.218 42.134 77 301 180 
1.028 42.127 -0.699 42.145 79 334 178 
1.111 42.126 1.248 42.181 80 334 179 
1.646 42.147 -2.182 42.236 76 341 179 
3.627 42.211 0.742 42.373 70 365 180 
6.050 42.290 0.764 42.754 76 395 180 
8.527 42.388 -0.745 43.244 60 428 177 
10.313 42.412 -2.278 43.707 74 450 180 
11.032 42.471 1.555 43.914 74 459 178 
11.570 42.466 -2.281 44.073 74 466 178 
13.581 42.528 0.021 44.706 75 490 178 
16.023 42.618 -1.845 45.574 77 519 179 
16.093 42.583 -0.790 45.529 77 519 178 
18.436 42.712 0.834 46.557 75 550 180 
18.436 42.712 -0.793 46.528 75 550 180 
18.484 42.694 -0.250 46.531 75 550 180 
23.500 42.844 -0.264 48.913 74 612 179 
-23.112 38.797 0.815 45.194 95 2 181 
-21.250 38.857 -2.315 44.348 90 27 180 
-18.822 38.858 -2.239 43.234 83 62 181 
-16.253 39.024 -0.723 42.306 91 97 180 
-14.270 39.072 -0.725 41.603 89 130 181 
-13.754 39.122 -2.140 41.524 90 130 181 
-11.321 39.166 1.671 40.809 86 166 181 
-11.354 39.146 0.019 40.814 86 166 181 
-8.821 39.275 -2.071 40.306 86 199 181 
-8.136 39.297 -0.678 40.152 79 208 181 
-6.284 39.358 -1.384 39.886 86 233 178 
-6.342 39.356 0.711 39.894 87 233 178 
-3.813 39.437 0.244 39.659 83 267 181 
-3.887 39.411 0.019 39.656 83 267 181 
-1.293 39.519 -1.351 39.569 85 301 180 
0.000 39.554 -2.047 39.607 82 318 181 
1.082 39.579 0.696 39.600 88 335 179 
3.644 39.699 -0.679 39.896 87 369 181 
3.644 39.699 -2.055 39.919 87 369 181 
6.246 39.724 0.718 40.243 83 401 182 
6.246 39.724 0.737 40.219 83 401 181 
6.763 39.802 -2.099 40.428 90 410 180 
8.620 39.850 0.720 40.803 80 435 181 
11.094 39.929 -1.424 41.472 83 469 177 
13.604 40.029 -2.189 42.334 83 501 180 
13.718 39.905 0.019 42.255 83 501 180 
14.302 40.014 0.020 42.550 86 509 181 
16.089 40.086 0.783 43.202 80 533 181 
18.661 40.144 -0.745 44.275 79 567 180 
21.042 40.276 -0.787 45.448 79 598 180 
21.042 40.276 1.613 45.477 80 598 181 
21.042 40.276 1.613 45.477 77 607 180 
-21.045 36.340 -2.165 42.050 102 6 181 
-20.459 36.372 -0.710 41.738 97 16 177 
-18.737 36.338 0.728 40.915 95 46 180 
-18.642 36.431 1.459 40.956 95 46 180 
-16.131 36.504 -1.373 39.939 94 81 182 
-13.743 36.553 -2.035 39.104 92 118 182 
-11.203 36.652 1.361 38.356 88 155 181 
-11.140 36.679 -0.645 38.339 89 155 182 
-8.612 36.745 2.010 37.794 91 193 180 
-8.612 36.745 -0.646 37.762 91 193 180 
-6.290 36.803 1.977 37.389 89 229 178 
-6.189 36.846 0.684 37.369 89 229 179 
-4.351 36.885 -0.115 37.164 83 266 178 
-3.784 36.905 -0.613 37.104 84 266 179 
-3.640 36.907 0.018 37.092 85 266 179 
-1.238 37.002 -0.623 37.061 92 301 181 
1.285 37.077 0.670 37.128 96 338 179 
1.232 37.091 -0.634 37.140 96 338 178 
3.724 37.143 0.664 37.380 89 373 181 
3.622 37.086 1.956 37.314 87 373 180 
3.775 37.172 1.307 37.391 87 373 180 
6.222 37.258 -0.206 37.811 96 409 178 
6.303 37.221 -0.378 37.784 95 409 177 
8.774 37.283 0.692 38.308 86 444 181 
8.774 37.283 0.016 38.331 86 444 181 
10.013 37.352 0.017 38.724 95 472 181 
11.219 37.421 -1.352 39.096 89 479 178 
11.278 37.374 0.255 39.061 90 479 178 
13.661 37.505 -1.392 39.946 90 515 180 
13.723 37.474 0.020 39.963 90 515 180 
16.219 37.575 1.450 40.957 92 550 181 
18.678 37.651 -0.350 42.048 96 584 177 
18.651 37.670 -0.699 42.041 96 584 178 
19.340 37.650 0.763 42.347 88 593 180 
21.191 37.738 -2.248 43.339 88 618 181 
-18.576 33.888 0.696 38.668 102 26 177 
-16.017 33.957 0.681 37.574 106 66 181 
-16.079 33.947 -0.112 37.587 106 66 181 
-13.505 34.062 -1.264 36.669 100 106 180 
-13.570 34.057 0.341 36.689 101 106 180 
-11.104 34.146 -0.189 35.941 101 146 180 
-8.654 34.215 -0.190 35.327 96 186 180 
-7.255 34.237 -1.806 35.044 106 213 181 
-6.195 34.289 1.842 34.893 98 223 177 
-3.724 34.356 1.812 34.605 97 263 178 
-3.692 34.373 -0.582 34.589 96 263 180 
-1.179 34.482 0.606 34.508 101 301 178 
-1.145 34.478 1.414 34.531 102 301 179 
1.350 34.570 1.823 34.644 98 339 178 
1.350 34.570 0.625 34.623 99 339 178 
3.715 34.585 0.017 34.831 95 378 180 
3.852 34.601 0.214 34.820 92 378 181 
6.290 34.721 1.254 35.313 111 416 176 
6.318 34.706 0.881 35.317 112 416 176 
8.862 34.767 0.647 35.907 97 455 177 
8.804 34.740 -1.238 35.865 98 455 177 
11.326 34.880 0.664 36.701 98 493 180 
13.780 34.971 -1.298 37.617 96 530 178 
13.732 34.979 0.017 37.584 96 530 178 
16.369 34.921 2.046 38.622 102 567 178 
16.320 35.011 1.140 38.650 102 567 178 
18.197 35.092 2.091 39.584 102 595 180 
18.772 35.141 -0.217 39.879 93 604 181 
18.813 35.090 0.018 39.821 92 604 181 
-18.452 31.387 0.644 36.415 118 2 181 
-18.452 31.387 0.644 36.415 118 2 181 
-16.025 31.436 0.015 35.291 115 47 179 
-15.458 31.406 -0.598 35.030 103 58 180 
-13.431 31.543 -0.585 34.288 109 90 181 
-13.518 31.508 -0.582 34.347 110 90 181 
-10.955 31.569 -0.175 33.447 106 132 181 
-11.036 31.584 -1.500 33.518 106 132 181 
-8.575 31.699 0.015 32.883 104 175 181 
-8.486 31.715 -1.704 32.875 104 175 181 
-7.872 31.736 1.736 32.744 99 187 181 
-6.052 31.783 -1.117 32.398 104 216 180 
-3.545 31.840 1.695 32.081 94 260 181 
-1.076 31.937 -0.916 32.024 113 301 178 
-1.092 31.960 0.016 32.022 112 301 178 
-0.382 31.919 0.711 31.970 104 323 178 
1.400 32.037 0.289 32.131 101 343 178 
1.471 32.039 2.816 32.196 102 343 179 
3.917 32.086 0.585 32.343 109 386 177 
3.949 32.097 -0.268 32.384 110 386 177 
6.415 32.202 -1.332 32.880 90 426 178 
6.474 32.184 -1.697 32.872 90 426 178 
8.216 32.236 -0.567 33.322 102 467 180 
8.874 32.252 0.015 33.476 101 467 180 
8.996 32.211 -1.730 33.488 101 467 180 
11.408 32.361 -0.190 34.373 104 507 180 
13.831 32.447 0.634 35.278 102 547 180 
15.721 32.522 0.635 36.128 102 589 179 
16.364 32.538 -0.636 36.427 108 589 181 
16.407 32.497 0.649 36.432 107 589 180 
18.896 32.575 -1.289 37.687 99 629 177 
18.857 32.618 0.669 37.705 98 629 177 
-15.861 28.934 -0.951 33.014 115 24 180 
-15.919 28.903 -0.181 33.029 115 24 179 
-13.334 29.005 1.133 31.988 115 72 181 
-13.441 28.988 -0.544 32.027 115 72 181 
-10.965 29.089 -0.171 31.118 116 118 181 
-10.871 29.086 -0.527 31.089 116 118 181 
-10.352 29.095 0.189 30.911 116 130 182 
-8.506 29.132 0.551 30.428 124 164 181 
-8.422 29.186 1.610 30.438 124 164 181 
-6.025 29.242 -0.514 29.861 115 212 180 
-5.972 29.258 -1.029 29.883 115 210 180 
-3.465 29.328 0.108 29.551 107 256 181 
-3.503 29.333 0.233 29.578 105 257 180 
-1.593 29.386 0.274 29.470 113 290 180 
-0.976 29.406 1.552 29.475 118 301 181 
-0.969 29.421 0.086 29.493 118 301 181 
1.498 29.504 -1.360 29.594 116 347 182 
1.561 29.489 -0.086 29.578 115 347 180 
4.058 29.579 0.712 29.897 105 392 181 
4.010 29.584 1.381 29.897 104 392 182 
4.651 29.583 0.542 30.015 114 403 182 
6.507 29.678 1.594 30.425 111 436 181 
6.507 29.678 -0.515 30.415 112 436 181 
9.006 29.702 0.568 31.061 111 481 182 
9.035 29.701 -0.892 31.112 111 481 182 
11.483 29.800 2.142 32.020 108 524 182 
11.483 29.800 1.024 32.027 110 526 182 
13.281 29.889 -0.555 32.711 116 558 181 
13.949 29.924 0.595 33.034 114 570 182 
16.488 29.936 0.314 34.193 109 613 181 
16.490 29.993 1.216 34.254 109 613 181 
-15.875 26.369 -1.066 30.839 135 2 176 
-15.827 26.382 0.189 30.795 135 2 176 
-13.359 26.461 -1.280 29.700 122 50 181 
-13.333 26.459 -0.504 29.633 122 49 181 
-13.359 26.461 -0.252 29.656 122 49 181 
-10.871 26.568 1.519 28.763 132 101 182 
-10.734 26.550 0.847 28.700 132 99 182 
-8.344 26.651 -0.671 27.985 133 150 181 
-5.916 26.689 0.648 27.375 141 201 181 
-4.656 26.786 0.484 27.209 130 226 181 
-3.402 26.800 0.720 27.053 132 252 182 
-3.387 26.805 0.298 27.069 133 252 181 
-0.938 26.881 0.014 26.967 135 301 177 
-0.880 26.911 0.013 26.945 135 301 177 
1.595 26.994 0.013 27.078 131 352 180 
1.555 26.993 -0.457 27.052 130 352 181 
1.555 26.993 2.373 27.141 125 363 181 
4.090 27.061 1.216 27.407 127 401 181 
4.086 27.054 0.809 27.466 128 401 181 
6.605 27.140 0.702 27.992 125 450 182 
6.524 27.158 -0.477 27.981 125 450 182 
9.059 27.230 -0.988 28.748 127 498 182 
9.084 27.218 -0.612 28.738 127 498 182 
9.116 27.214 0.517 28.722 124 509 181 
11.618 27.287 1.571 29.711 130 546 181 
11.601 27.310 0.013 29.676 131 546 180 
14.031 27.403 -0.169 30.816 132 595 182 
14.000 27.411 1.633 30.822 133 595 181 
-13.283 23.947 -1.186 27.430 137 21 182 
-13.291 23.961 -1.907 27.470 139 21 183 
-10.799 24.039 0.245 26.390 151 78 183 
-10.799 24.039 -0.456 26.422 152 78 183 
-10.148 24.055 -0.448 26.187 141 91 182 
-8.321 24.104 -0.211 25.581 137 135 183 
-8.320 24.112 0.161 25.573 137 135 182 
-5.844 24.170 -0.075 24.908 135 192 182 
-5.786 24.225 -0.075 24.971 135 192 182 
-3.323 24.306 -0.427 24.536 132 246 182 
-3.307 24.278 1.304 24.552 133 246 181 
-3.362 24.278 -0.419 24.591 134 246 182 
-0.751 24.360 0.316 24.397 140 301 182 
-0.761 24.348 0.011 24.398 140 303 181 
1.573 24.413 -1.264 24.496 141 356 180 
1.683 24.444 -0.843 24.554 141 356 181 
2.912 24.508 1.021 24.755 140 396 181 
4.173 24.559 -2.159 25.004 147 410 181 
4.207 24.546 0.228 24.916 147 410 181 
6.687 24.631 0.754 25.558 127 464 182 
6.730 24.556 1.341 25.507 128 464 182 
9.191 24.687 0.933 26.396 126 518 182 
9.234 24.666 0.164 26.379 126 518 182 
9.860 24.687 -1.374 26.619 135 532 182 
11.628 24.806 -0.460 27.400 138 572 182 
11.681 24.781 0.170 27.468 138 572 182 
14.179 24.862 0.012 28.731 123 623 182 
14.168 24.842 -1.820 28.660 123 623 182 
-10.708 21.484 0.431 24.073 154 51 181 
-10.675 21.519 -0.399 24.025 152 51 181 
-8.192 21.620 -0.391 23.137 151 114 182 
-8.207 21.603 0.253 23.153 150 114 182 
-7.489 21.615 -0.069 22.912 151 130 183 
-5.665 21.684 0.272 22.452 150 178 182 
-5.725 21.674 -0.773 22.461 149 178 182 
-3.310 21.725 1.167 22.006 160 239 178 
-3.177 21.770 0.063 22.046 159 239 176 
-0.778 21.838 0.005 21.915 154 301 181 
-0.707 21.840 -0.181 21.881 154 301 181 
0.549 21.887 -0.114 21.915 155 347 180 
1.786 21.923 0.860 22.081 154 363 178 
1.808 21.915 0.394 22.046 155 363 177 
4.302 22.025 1.979 22.528 148 423 182 
4.343 21.989 -0.380 22.451 148 423 182 
6.806 22.090 0.281 23.142 151 484 182 
6.806 22.090 -0.387 23.175 151 484 182 
9.240 22.184 -0.623 24.065 154 543 182 
9.256 22.184 -0.623 24.056 154 543 182 
9.828 22.190 0.433 24.273 156 556 182 
11.739 22.219 0.895 25.175 151 602 182 
11.795 22.242 2.216 25.273 152 603 182 
-10.608 18.991 -1.892 21.835 170 18 184 
-10.643 18.986 -1.512 21.822 168 18 184 
-10.651 18.980 -0.118 21.785 172 37 182 
-8.169 19.034 0.004 20.792 186 91 182 
-8.152 19.030 0.132 20.732 186 90 181 
-5.628 19.167 -1.035 20.012 173 160 181 
-5.601 19.158 0.637 19.992 175 160 181 
-3.192 19.229 -0.333 19.501 168 231 177 
-3.185 19.222 1.715 19.567 168 231 177 
-2.523 19.256 0.575 19.456 157 265 175 
-0.629 19.334 0.724 19.408 166 301 177 
-0.649 19.332 0.347 19.369 166 301 177 
1.880 19.414 0.127 19.548 169 369 174 
1.870 19.406 0.350 19.538 170 369 175 
4.272 19.486 -1.028 19.976 159 439 180 
4.301 19.487 0.880 19.984 156 439 180 
4.988 19.515 0.009 20.158 160 457 182 
6.831 19.571 0.229 20.757 167 508 181 
6.824 19.574 -0.831 20.758 167 508 181 
9.359 19.640 0.773 21.826 164 574 182 
9.300 19.677 0.384 21.767 164 575 182 
11.788 19.716 0.207 23.018 165 637 182 
11.836 19.692 -0.392 23.021 165 637 182 
-8.072 16.532 0.169 18.457 214 58 182 
-8.041 16.554 -0.314 18.449 214 58 182 
-5.582 16.616 0.008 17.542 206 139 183 
-5.523 16.635 0.043 17.559 209 139 182 
-3.671 16.707 -0.391 17.160 198 201 184 
-3.093 16.692 0.826 17.057 185 220 175 
-0.519 16.771 -0.221 16.807 172 300 173 
-0.534 16.775 0.594 16.831 173 300 173 
1.985 16.871 0.305 17.027 155 381 170 
1.922 16.891 0.008 17.031 156 381 171 
3.807 16.950 0.192 17.396 192 439 184 
4.432 16.963 -0.436 17.583 196 460 186 
4.485 16.956 -0.506 17.578 195 460 185 
6.958 17.037 -0.630 18.461 200 538 184 
6.970 17.049 -0.311 18.473 201 538 184 
9.456 17.098 0.237 19.565 206 616 186 
9.441 17.124 0.078 19.605 204 616 185 
-7.948 14.032 -0.612 16.149 244 12 186 
-7.939 14.026 0.077 16.136 245 12 185 
-5.472 14.109 0.192 15.162 251 109 182 
-5.511 14.078 0.036 15.147 252 109 183 
-4.253 14.133 -0.165 14.776 248 158 182 
-2.975 14.196 0.161 14.527 220 207 177 
-2.970 14.212 0.774 14.580 221 207 176 
-0.496 14.280 0.354 14.318 199 301 167 
-0.460 14.284 0.201 14.333 199 301 167 
2.041 14.371 0.770 14.564 199 395 167 
2.007 14.371 0.939 14.558 197 395 167 
2.684 14.392 0.262 14.678 202 418 172 
4.549 14.409 -0.431 15.134 222 489 185 
4.546 14.414 0.195 15.153 222 489 185 
7.068 14.504 -0.089 16.160 229 579 184 
7.023 14.514 -0.558 16.156 230 579 184 
